R = 12;
L = 0.15;
C = 0.0001;
U = 100;