L = 1/(3.39e-3);
J = 1/(3.88e-5);
r = 0.056;
R = 1.15;
Mu = 1.194e-4;