L = 3.39;
J = 3.38 * 10^-5;
r = 0.05128;
R = 0.35;
Mu = 1.194 * 10^-4;